array([[ 1.624, -0.612, -0.528, ..., -1.107, -0.359,  0.505],
       [ 1.218, -1.941, -0.806, ...,  0.207, -1.434,  0.627],
       [ 0.300, -1.857, -2.151, ..., -1.954,  0.186, -0.004],
       ...,
       [-0.529, -0.330,  0.137, ..., -0.038,  0.425,  0.848],
       [-0.003, -0.807, -0.815, ..., -0.090,  0.076, -0.815],
       [-0.373, -1.474,  1.490, ...,  0.609, -0.018,  0.865]]),array([[-0.453, -1.729,  0.118, -0.063, -1.905, -0.322,  0.281,  1.092, -0.015, -0.254, -1.243, -0.998,  0.524,  0.661,  1.625, -1.643,  1.008, -1.627, -1.445,  0.310, -0.463, -0.861, -1.186,  0.321, -0.349, -0.206, -0.798, -0.083,  1.721,  0.787, -0.139,  0.856, -1.207, -0.242, -0.039,  0.536,  0.346, -0.120, -1.841, -0.345, -1.104, -0.020, -0.887,  0.875, -2.104,  0.770, -1.204, -0.963, -1.202,  0.060],
       [-0.741, -1.807, -1.495, -0.245, -0.498,  0.348,  0.709, -0.559,  0.278,  1.873, -0.295,  0.289, -0.331,  0.829, -0.619,  0.103, -0.839, -1.039, -1.472,  0.591, -0.283,  2.527,  0.248,  1.157, -0.477, -0.900, -1.132,  0.682, -0.384,  0.874, -1.408, -0.979, -0.663,  0.029, -2.763,  0.607,  0.202,  1.263, -0.436,  0.819, -1.097,  0.492,  1.421, -0.610,  0.044, -0.249, -0.559, -0.479, -0.413, -1.063],
       [ 0.916, -0.903,  0.776, -1.676, -0.949, -0.369, -0.681,  1.171, -2.862,  1.600, -0.028,  0.970, -0.116,  0.236,  0.087,  1.177, -1.287,  0.016,  1.101, -1.432, -0.553,  0.918,  1.378, -0.674, -0.433, -0.988,  0.608,  1.199,  0.164,  0.471, -0.960,  1.349,  0.099, -0.349,  1.916, -0.449,  1.087,  0.081, -1.138,  0.023,  0.755, -0.021,  0.296,  0.753, -0.843,  1.015, -1.465, -0.751, -0.844,  1.614],
       [ 1.687, -0.223, -0.201,  0.262,  0.532,  1.629, -0.655,  0.082,  0.458, -1.578, -0.220,  1.510,  0.235, -1.544,  0.001,  0.239,  0.917, -1.083, -0.268, -1.048,  0.721,  0.432,  0.227,  0.970, -1.189,  0.002, -0.659,  0.079, -0.460,  0.415, -1.573, -0.658, -0.273, -0.497,  0.093,  0.155, -0.566, -2.389,  0.035, -0.446, -0.850, -1.990, -0.890, -0.150, -0.853,  1.132,  0.358,  0.766, -0.198, -0.090],
       [ 0.442, -0.653,  0.293,  0.799, -1.257, -0.763, -0.014,  0.360, -0.051, -1.880, -2.159, -0.622, -0.855, -0.367,  1.008, -1.178,  0.863,  0.537, -2.065, -0.220, -0.851, -0.087,  0.272,  0.928, -0.012, -0.369,  0.273, -0.786,  0.679,  1.262, -1.227, -1.523, -2.077, -1.398,  0.448, -0.260,  0.355,  0.745, -0.416, -0.337, -0.007, -0.240, -0.984,  0.482, -0.116, -0.513, -0.452, -0.875,  0.835, -0.977],
       [ 1.227,  0.302, -1.224, -2.127, -1.588, -0.688, -0.100, -0.101, -1.694,  0.763,  1.337,  0.765, -0.943, -0.564, -0.675, -0.047, -0.393, -0.203,  1.090, -0.555, -1.640,  0.630, -0.134, -1.267, -0.115,  0.695, -0.391,  0.650,  0.819,  0.285,  0.491,  1.590,  0.841, -1.450,  0.576, -0.257, -0.015,  0.311,  1.322, -0.350,  1.206, -1.649,  0.257, -0.180,  0.039, -0.820, -1.408, -1.711, -0.661, -1.545],
       [ 2.540, -1.787, -0.017, -1.533,  1.148, -1.259, -2.711,  1.749, -2.142,  0.108, -0.009, -0.867,  0.594, -1.337, -2.960,  0.457, -1.011, -1.241, -0.327,  0.235, -0.296, -1.749,  0.618,  1.538, -0.397, -0.369, -0.133,  0.439, -1.272, -0.870, -0.507,  1.499,  0.201,  1.537, -0.651, -0.795, -0.828,  0.350, -0.385, -0.925, -1.838, -0.987, -0.567, -0.623,  0.368, -1.726, -0.147,  0.506, -0.451, -2.180],
       [-0.016, -0.056,  1.720,  0.080,  1.802, -2.012,  0.458,  0.132,  1.089,  0.828, -0.879, -0.276,  0.180, -1.481, -0.609, -0.134,  0.606, -0.909, -0.486,  0.671, -1.462, -1.127, -0.280,  1.349, -2.687, -1.015, -1.258,  0.072, -1.761, -0.160, -0.994, -0.995, -0.805, -1.867,  1.079, -1.688, -1.143, -2.320,  0.330, -0.862, -0.918,  0.136,  0.081,  0.002, -0.836, -1.057, -0.039, -0.473,  0.373, -0.657],
       [-0.141, -0.053, -1.859, -1.508,  0.483,  0.373, -1.913, -0.790,  0.308, -0.082, -1.560, -1.390, -0.623, -1.136, -0.836, -1.165, -0.633,  0.982,  0.731, -1.684, -0.332,  0.477, -1.276, -0.028,  2.161,  0.434,  1.243, -0.798, -0.892, -0.034,  0.017, -0.542, -0.626,  0.919, -0.604, -0.733, -0.056,  0.471,  0.892, -1.574, -0.479, -1.200,  0.350, -0.807, -1.104,  0.226,  0.915, -0.085, -1.440, -0.249],
       [ 0.946,  0.583, -1.073,  0.817,  0.511,  0.415,  0.184, -0.854, -2.724, -0.506, -1.062,  0.485, -0.727,  0.333,  0.598, -0.775, -0.605, -0.544, -0.970,  0.619,  1.195,  0.282, -0.418,  0.112,  0.316,  0.164, -1.437, -1.772, -0.748,  0.525, -0.918,  1.285,  0.548,  0.359, -2.462,  0.099, -0.191, -2.427,  0.060, -0.794, -1.419,  0.593, -0.195, -0.340,  0.995,  0.378,  0.629, -1.834, -1.373,  0.903]])